0	0.043290
1	0.029240
2	0.028571
3	0.042105
4	0.022792
5	0.015789
6	0.040936
7	0.036232
8	0.029240
9	0.010870
10	0.038095
11	0.036842
12	0.023392
13	0.031621
14	0.052632
15	0.017544
16	0.023392
17	0.047368
18	0.035088
19	0.030303
20	0.015789
21	0.040936
22	0.040936
23	0.023392
24	0.017094
25	0.017544
26	0.011858
27	0.031579
28	0.035088
29	0.026316
30	0.033333
31	0.036842
32	0.021053
33	0.034632
34	0.023392
35	0.015810
36	0.005848
37	0.023810
38	0.010526
39	0.019763
40	0.023392
41	0.017544
42	0.021645
43	0.028571
44	0.033333
45	0.036842
46	0.038095
47	0.031579
48	0.034632
49	0.052632
50	0.010526
51	0.021053
52	0.015789
53	0.026316
54	0.026667
55	0.019048
56	0.015789
57	0.025974
58	0.017544
59	0.023392
60	0.023810
61	0.009524
62	0.031579
63	0.035088
64	0.017544
65	0.034632
66	0.017316
67	0.040936
68	0.016667
69	0.032680
70	0.040936
71	0.056277
72	0.009524
73	0.023392
74	0.034632
75	0.028571
76	0.021053
77	0.021053
78	0.025974
79	0.009524
80	0.028571
81	0.018116
82	0.038095
83	0.046784
84	0.005848
85	0.028490
86	0.010526
87	0.015789
88	0.023392
89	0.029240
90	0.019763
91	0.034632
92	0.029240
93	0.009524
94	0.038961
95	0.026316
96	0.029240
97	0.028571
98	0.019763
99	0.030303
100	0.025974
101	0.023333
102	0.028571
103	0.026316
104	0.035088
105	0.040936
106	0.017544
107	0.015789
108	0.040936
109	0.031579
110	0.029240
111	0.015810
112	0.019048
113	0.015789
114	0.026316
115	0.058824
116	0.011696
117	0.019608
118	0.028571
119	0.047368
120	0.038095
121	0.035088
122	0.023810
123	0.019048
124	0.023392
125	0.023392
126	0.036782
127	0.019048
128	0.019048
129	0.028986
130	0.047368
131	0.017544
132	0.021053
133	0.026316
134	0.017544
135	0.012308
136	0.015789
137	0.019763
138	0.026316
139	0.018462
140	0.017544
141	0.008658
142	0.042105
143	0.029240
144	0.032680
145	0.025974
146	0.047619
147	0.023810
148	0.023715
149	0.035088
150	0.023715
151	0.017544
152	0.015789
153	0.031579
154	0.005848
155	0.000000
156	0.043478
157	0.039886
158	0.019048
159	0.007246
160	0.033333
161	0.043478
162	0.021645
163	0.027668
164	0.026667
165	0.035088
166	0.026316
167	0.035088
168	0.018116
169	0.029412
170	0.017544
171	0.035088
172	0.008658
173	0.023392
174	0.031579
175	0.027668
176	0.015810
177	0.017316
178	0.014286
179	0.033333
180	0.033333
181	0.043478
182	0.023810
183	0.029240
184	0.031621
185	0.026144
186	0.023392
187	0.034632
188	0.015789
189	0.019048
190	0.012987
191	0.034632
192	0.021645
193	0.033333
194	0.029240
195	0.021645
196	0.025974
197	0.029240
198	0.046784
199	0.047619
200	0.035088
201	0.029240
202	0.023392
203	0.017316
204	0.030303
205	0.015789
206	0.023392
207	0.029240
208	0.046784
209	0.023810
210	0.023810
211	0.052632
212	0.035088
213	0.027668
214	0.052632
215	0.058824
216	0.025974
217	0.019048
218	0.015789
219	0.023715
220	0.021053
221	0.019048
222	0.036842
223	0.017544
224	0.023392
225	0.027668
226	0.011858
227	0.023392
228	0.032609
229	0.028571
230	0.071895
231	0.035088
232	0.029240
233	0.023392
234	0.000000
235	0.021053
236	0.058480
237	0.033333
238	0.031579
239	0.021645
240	0.047619
241	0.021645
242	0.023810
243	0.021645
244	0.021053
245	0.029240
246	0.029240
247	0.019763
248	0.046784
249	0.014286
250	0.015789
251	0.010526
252	0.035088
253	0.011696
254	0.017544
255	0.017544
256	0.040936
257	0.015789
258	0.023392
259	0.015810
260	0.021739
261	0.023810
262	0.023392
263	0.033333
264	0.011696
265	0.021053
266	0.023810
267	0.029240
268	0.017316
269	0.035088
270	0.015810
271	0.038095
272	0.020000
273	0.040936
274	0.010526
275	0.029240
276	0.019048
277	0.033333
278	0.046784
279	0.019048
280	0.035088
281	0.026316
282	0.033333
283	0.006536
284	0.031579
285	0.029240
286	0.035088
287	0.038095
288	0.028571
289	0.037037
290	0.035088
291	0.023715
292	0.023392
293	0.026316
294	0.029240
295	0.023392
296	0.026316
297	0.023392
298	0.025362
299	0.042857
300	0.045752
301	0.021645
302	0.012987
303	0.026316
304	0.051948
305	0.005848
306	0.052632
307	0.023810
308	0.026316
309	0.023715
310	0.036842
311	0.042105
312	0.023810
313	0.035573
314	0.005848
315	0.033333
316	0.017544
317	0.009524
318	0.024615
319	0.029240
320	0.005848
321	0.016667
322	0.030303
323	0.040000
324	0.029240
325	0.157895
326	0.032609
327	0.011696
328	0.023392
329	0.005848
330	0.023392
331	0.010526
332	0.047368
333	0.023392
334	0.005848
335	0.043956
336	0.040936
337	0.025974
338	0.010526
339	0.029240
340	0.026316
341	0.017316
342	0.032609
343	0.023392
344	0.027668
345	0.019763
346	0.017544
347	0.017544
348	0.021053
349	0.010526
350	0.034632
351	0.026316
352	0.031579
353	0.050725
354	0.023392
355	0.047368
356	0.026316
357	0.040936
358	0.009524
359	0.039526
360	0.021053
361	0.023810
362	0.019763
363	0.026316
364	0.035088
365	0.040936
366	0.019048
367	0.169591
368	0.046784
369	0.015789
370	0.031621
371	0.021053
372	0.018462
373	0.150198
374	0.019048
375	0.039526
376	0.017544
377	0.017316
378	0.038961
379	0.042105
380	0.023392
381	0.025362
382	0.011696
383	0.033333
384	0.023392
385	0.019048
386	0.052632
387	0.021645
388	0.000000
389	0.026316
390	0.038095
391	0.013072
392	0.015789
393	0.008658
394	0.031579
395	0.031621
396	0.042105
397	0.015789
398	0.015789
399	0.042857
400	0.023392
401	0.022792
402	0.005263
403	0.038961
404	0.038095
405	0.007905
406	0.040936
407	0.032680
408	0.021645
409	0.011696
410	0.023392
411	0.029240
412	0.017316
413	0.017544
414	0.032609
415	0.029240
416	0.005848
417	0.027668
418	0.018116
419	0.021645
420	0.030303
421	0.009524
422	0.017544
423	0.035088
424	0.031621
425	0.036842
426	0.023715
427	0.021053
428	0.046784
429	0.005263
430	0.023392
431	0.040936
432	0.023392
433	0.023810
434	0.015789
435	0.026316
436	0.147186
437	0.046784
438	0.028571
439	0.047368
440	0.009524
441	0.026316
442	0.015789
443	0.029240
444	0.034632
445	0.007353
446	0.047619
447	0.014286
448	0.023715
449	0.029240
450	0.026316
451	0.007905
452	0.036765
453	0.019048
454	0.018116
455	0.036842
456	0.026316
457	0.029240
458	0.000000
459	0.019048
460	0.017544
461	0.010526
462	0.023810
463	0.035088
464	0.025974
465	0.025974
466	0.052632
467	0.011696
468	0.031621
469	0.031579
470	0.052381
471	0.027668
472	0.032680
473	0.042105
474	0.042105
475	0.031621
476	0.026316
477	0.017544
478	0.025974
479	0.021739
480	0.035088
481	0.033333
482	0.025974
483	0.017544
484	0.021645
485	0.021053
486	0.021739
487	0.047368
488	0.021645
489	0.021053
490	0.011696
491	0.035088
492	0.023810
493	0.005848
494	0.036842
495	0.027692
496	0.015789
497	0.009524
498	0.038095
499	0.015789
500	0.018116
501	0.035088
502	0.031579
503	0.040936
504	0.025362
505	0.047368
506	0.011696
507	0.011696
508	0.029240
509	0.034632
510	0.023392
511	0.023392
512	0.030000
513	0.017544
514	0.029240
515	0.036765
516	0.010526
517	0.025974
518	0.021645
519	0.025974
520	0.031579
521	0.035573
522	0.023810
523	0.036842
524	0.040936
525	0.034632
526	0.026316
527	0.035088
528	0.047619
529	0.029240
530	0.035088
531	0.021053
532	0.008658
533	0.036842
534	0.023810
535	0.023392
536	0.031579
537	0.029240
538	0.028571
539	0.019048
540	0.030000
541	0.021053
542	0.052381
543	0.042857
544	0.034632
545	0.033333
546	0.004762
547	0.040936
548	0.017544
549	0.040936
550	0.021053
551	0.010526
552	0.031579
553	0.023392
554	0.005848
555	0.023715
556	0.052632
557	0.023392
558	0.047368
559	0.023392
560	0.031621
561	0.027668
562	0.031579
563	0.040936
564	0.004762
565	0.010526
566	0.019763
567	0.031579
568	0.017544
569	0.011696
570	0.036232
571	0.029240
572	0.011858
573	0.034632
574	0.015810
575	0.021053
576	0.035088
577	0.011696
578	0.025000
579	0.031579
580	0.018116
581	0.032609
582	0.017316
583	0.031579
584	0.031621
585	0.017544
586	0.031579
587	0.012987
588	0.029240
589	0.019763
590	0.042105
591	0.023810
592	0.019943
593	0.055336
594	0.029240
595	0.017544
596	0.018116
597	0.031579
598	0.025974
599	0.021053
600	0.011696
601	0.043290
602	0.023392
603	0.035088
604	0.019048
605	0.008333
606	0.021053
607	0.026316
608	0.026316
609	0.023392
610	0.044118
611	0.023392
612	0.023392
613	0.017544
614	0.052632
615	0.046784
616	0.175439
617	0.046784
618	0.029240
619	0.034632
620	0.040936
621	0.035573
622	0.023392
623	0.033333
624	0.017544
625	0.018116
626	0.076923
627	0.021739
628	0.046784
629	0.036842
630	0.026316
631	0.040936
632	0.029240
633	0.023810
634	0.026316
635	0.036842
636	0.035088
637	0.052632
638	0.018116
639	0.063158
640	0.023715
641	0.030769
642	0.019048
643	0.030000
644	0.017316
645	0.019048
646	0.015789
647	0.047368
648	0.023392
649	0.015789
650	0.015789
651	0.019048
652	0.021053
653	0.010526
654	0.042857
655	0.026316
656	0.003953
657	0.017544
658	0.033333
659	0.023392
660	0.046784
661	0.023715
662	0.035088
663	0.019608
664	0.017544
665	0.042105
666	0.021053
667	0.011696
668	0.043290
669	0.005263
670	0.043290
671	0.036842
672	0.029240
673	0.009524
674	0.036842
675	0.043290
676	0.031621
677	0.040936
678	0.047619
679	0.021739
680	0.021053
681	0.023810
682	0.011696
683	0.021739
684	0.028571
685	0.026316
